Date,Open,High,Low,Close,Adj Close,Volume,ADX,RSI,EMA_20,EMA_50,Upper_BBand,Middle_BBand,Lower_BBand,MACD,MACD_Signal,MACD_Hist,ATR,CCI,Williams_%R,MFI,OBV,Ticker,Corresponding ETF,Sector,SP,Market Cap
2024-02-23,46.9900016784668,49.150001525878906,46.560001373291016,48.54999923706055,48.54999923706055,59800,16.21181382921706,45.9298180052944,49.29835837469337,52.79879989624023,52.15193603625736,48.29799976348877,44.444063490720175,-0.9731930435640166,-1.153631534198895,0.18043849063487838,3.518445900175563,-48.029772461230266,-61.49492100809986,61.73938983121472,491000.0,ML,XLK,Technology,0.0,1062617984
2024-02-26,48.060001373291016,52.66999816894531,48.060001373291016,52.06999969482422,52.06999969482422,93600,15.291495051070955,48.92134030013275,49.2270860758712,52.63218026254691,52.180274913514694,48.32849979400635,44.476724674498,-0.9275044614293151,-1.108406119644979,0.18090165821566395,3.4521283467764436,-35.85773787266544,-51.90354820048458,61.65477069011971,550800.0,ML,XLK,Technology,0.0,1062617984
2024-02-27,52.68000030517578,53.0,50.939998626708984,52.15999984741211,52.15999984741211,89900,15.132936649712438,55.833998050827226,49.49783975386673,52.61013396577347,52.671487507390104,48.49049968719483,44.30951186699955,-0.6003409550186447,-1.0067930867197121,0.4064521317010674,3.534833235982005,109.47678071610514,-7.5853158747834035,60.812815018891456,644400.0,ML,XLK,Technology,1.0,1062617984
2024-02-28,52.150001525878906,52.4900016784668,49.34000015258789,49.36000061035156,49.36000061035156,67000,15.083628277826774,55.9979677148883,49.75137881039486,52.59248164740636,52.871001273675446,48.54099960327149,44.21099793286753,-0.32999527879223933,-0.8714335251342176,0.5414382463419782,3.4294881029326487,138.22657641180618,-10.194174532549223,67.41140826317682,734300.0,ML,XLK,Technology,1.0,1062617984
2024-02-29,50.119998931884766,51.38199996948242,49.779998779296875,50.040000915527344,50.040000915527344,59200,14.415915401772933,49.80311129505976,49.714104696105025,52.46571768516892,52.876336515241476,48.71699962615967,44.55766273707786,-0.33778712084427553,-0.7647042442762292,0.42691712343195365,3.4095247760002385,50.35885183822858,-44.174740876093196,69.17350355109943,667300.0,ML,XLK,Technology,1.0,1062617984
2024-03-01,50.56999969482422,51.86000061035156,48.61000061035156,51.86000061035156,51.86000061035156,121200,13.795896302580081,51.21462312246129,49.7451424312881,52.370591537339834,52.93051495649236,48.913499641418454,44.89648432634455,-0.2857973759326242,-0.6689228706075082,0.383125494674884,3.3104158176524257,44.68085808595608,-35.9223116690362,68.2273465386749,726500.0,ML,XLK,Technology,1.0,1062617984
2024-03-04,52.25,52.82400131225586,49.029998779296875,50.060001373291016,50.060001373291016,96700,12.858561626543121,54.872241380507646,49.94655749596081,52.35056836373245,53.098735580196575,49.23949966430664,45.38026374841671,-0.09662255881151083,-0.5544628082483087,0.4578402494367979,3.3061004021058236,55.08059514523507,-13.834941230989596,74.63146813048186,847700.0,ML,XLK,Technology,1.0,1062617984
2024-03-05,49.689998626708984,52.66999816894531,49.58000183105469,50.279998779296875,50.279998779296875,166100,12.259010855796973,50.814519950458134,49.95736167475416,52.26074220724455,52.943859152031294,49.464999771118165,45.98614039020504,-0.0908972417008016,-0.4617496949388073,0.3708524532380057,3.3409505543096207,43.5232783051366,-35.67958771649213,67.72976123265808,751000.0,ML,XLK,Technology,1.0,1062617984
2024-03-06,51.11000061035156,52.65999984741211,50.349998474121094,52.54999923706055,52.54999923706055,192100,11.702285140104122,51.2886414970955,49.988089018043944,52.18306599438385,53.01927453937162,49.53149967193603,46.04372480450044,-0.06782607776800376,-0.3829649715046466,0.31513889373664283,3.323025253136835,45.94933052888017,-39.42029882894349,75.17098874452665,917100.0,ML,XLK,Technology,1.0,1062617984
2024-03-07,59.459999084472656,70.86199951171875,58.40999984741211,67.36000061035156,67.36000061035156,764700,11.18532554696076,56.001493294966444,50.2320804674741,52.19745553331235,53.40084017749873,49.765499687194826,46.13015919689092,0.1321052248245138,-0.2799509322388145,0.4120561570633283,3.255666382778149,94.59279183832649,-6.52174874529659,77.03558206861918,1109200.0,ML,XLK,Technology,1.0,1062617984
2024-03-08,69.08999633789062,75.73999786376953,65.5,74.48999786376953,74.48999786376953,395200,14.432503840035466,73.80695812636075,51.86331095727195,52.79206514417663,59.14568569154983,50.73199977874756,42.318313865945285,1.4686656970917298,0.06977239362729437,1.3988933034644355,4.331118803626724,432.52960636917976,-14.142632883545595,85.12064079328505,1873900.0,ML,XLK,Technology,1.0,1062617984
2024-03-11,73.0,74.7699966430664,59.25,64.58999633789062,64.58999633789062,507600,17.869424699018953,78.34952867940301,54.01823351979553,53.64296446651361,65.2951046545729,52.00899963378906,38.72289461300523,3.067866238917432,0.669391162685322,2.39847507623211,4.753181593636924,280.16913610553183,-4.2172740409588325,86.94224456556637,2269100.0,ML,XLK,Technology,1.0,1062617984
2024-03-12,65.2699966430664,65.69000244140625,62.0,65.68000030517578,65.68000030517578,366200,19.22436500567488,62.21543812291082,55.025068073899824,54.072259834018595,67.06900645679285,52.766499519348145,38.46399258190343,3.4960959862729553,1.2347321274028487,2.261363858870107,5.522239811453316,136.80606198176284,-37.61808959339239,69.52760606328742,1761500.0,ML,XLK,Technology,1.0,1062617984
2024-03-13,65.44000244140625,75.83999633789062,65.0,73.0,73.0,386100,20.48252386185538,63.11602035850631,56.039823524497535,54.52746534269143,68.84446152411023,53.58299961090088,38.321537697691525,3.8787139568189986,1.7635284932860786,2.11518546353292,5.391365713592811,91.47878479944805,-34.47566404566342,63.16024201670748,2127700.0,ML,XLK,Technology,1.0,1062617984
2024-03-14,72.0199966430664,73.91000366210938,62.41999816894531,63.09000015258789,63.09000015258789,242000,22.68634878296439,68.53911930873335,57.655078426926345,55.25187846650745,71.97530663310016,54.906999588012695,37.83869254292523,4.718215602197816,2.354465915068426,2.3637496871293897,5.78055361532837,122.0155835670478,-9.699442712760932,69.02576650912125,2513800.0,ML,XLK,Technology,1.0,1062617984
2024-03-15,63.2599983215332,64.62000274658203,58.900001525878906,61.25,61.25,221800,24.093715355127266,56.440223239325114,58.17269001984649,55.55925578753021,72.7953458528975,55.63449954986572,38.47365324683395,4.531634674399655,2.789899666934672,1.7417350074649827,6.188371606602348,68.20905828606473,-45.896322881088395,63.685819513237576,2271800.0,ML,XLK,Technology,1.0,1062617984
2024-03-18,61.25,63.869998931884766,60.529998779296875,62.380001068115234,62.380001068115234,158000,24.587728645795874,54.51598010615165,58.46576716081349,55.78242222723491,73.32370866642498,56.187499618530275,39.051290570635565,4.1870298364664436,3.069325700841026,1.1177041356254174,6.154916579038117,22.83887559184371,-53.5806045798789,59.21876633471372,2050000.0,ML,XLK,Technology,0.0,1062617984
2024-03-19,62.0,64.0199966430664,57.38999938964844,63.5099983215332,63.5099983215332,234700,25.046455272845296,55.51895911163199,58.83855134246128,56.04115080923022,73.93335484915347,56.68899974822998,39.44464464730649,3.9594673866935963,3.24735403801154,0.7121133486820561,5.953851120005958,23.372650046740443,-49.43076526509558,60.100319398059376,2208000.0,ML,XLK,Technology,0.0,1062617984
2024-03-20,63.75,65.1500015258789,61.67499923706055,63.04999923706055,63.04999923706055,139300,24.75778675693249,56.55076581498211,59.28345105475385,56.33404679010484,74.59845508694596,57.30799961090088,40.0175441348558,3.826197813649138,3.36312279313906,0.463075020510078,6.00214727239253,11.972215393895816,-45.28093995948547,57.43165151341163,2442700.0,ML,XLK,Technology,0.0,1062617984
2024-03-21,64.62999725341797,65.98999786376953,62.5,63.52000045776367,63.52000045776367,116400,24.651934846756667,55.981477820410234,59.642169929259246,56.597417474299185,74.86729545693642,58.12699966430664,41.38670387167686,3.641485852945266,3.418795405100301,0.22269044784496472,5.821636916422946,22.079858801214108,-46.97025011977843,58.403083050281026,2303400.0,ML,XLK,Technology,0.0,1062617984
2024-03-22,65.18000030517578,73.20999908447266,63.630001068115234,72.5,72.5,254300,24.67691961655038,56.46372698567319,60.01148712245014,56.86889131678799,75.05330520496408,58.94249973297119,42.83169426097831,3.492763065407779,3.4335889371617965,0.05917412824598234,5.655091269804845,22.990131207783467,-45.952991428668994,58.612913802747556,2419800.0,ML,XLK,Technology,1.0,1062617984
2024-03-25,72.38999938964844,75.0,71.5,74.23999786376953,74.23999786376953,158000,25.623321082648932,64.47245036499115,61.20086930126441,57.4818759710316,76.54068198185394,60.13999977111816,43.73931756038239,4.052792035060705,3.557429556741578,0.4953624783191266,5.94329893815514,93.96370248289486,-12.718952919130144,62.399628661471155,2674100.0,ML,XLK,Technology,1.0,1062617984
2024-03-26,74.98999786376953,79.26000213623047,72.6500015258789,75.80000305175781,75.80000305175781,219500,26.697158522461937,65.78578590879708,62.44269106912204,58.13905722172721,78.30148469057488,61.24849967956543,44.19551466855597,4.584178755003322,3.7627793963939267,0.8213993586093951,5.768777585429773,139.2042452410149,-6.27696590118302,62.83781716324196,2832100.0,ML,XLK,Technology,1.0,1062617984
2024-03-27,76.23999786376953,76.23999786376953,71.88999938964844,72.26000213623047,72.26000213623047,153400,28.12375622620843,66.96487968508275,63.71481601984926,58.8316433327088,80.06696446592233,62.43049983978271,44.79403521364309,5.07271088670668,4.024765694456478,1.0479451922502028,5.828864944352758,151.28016235935098,-15.82075285753407,63.72823265038085,3051600.0,ML,XLK,Technology,1.0,1062617984
2024-03-28,72.68000030517578,75.41000366210938,70.7300033569336,71.31999969482422,71.31999969482422,246500,29.24841568367378,61.763310719043055,64.52864326902842,59.35824563872926,80.63296212087377,63.57549991607666,46.51803771127955,5.115262074845802,4.242864970534343,0.8723971043114593,5.723231625050496,90.15585357658344,-32.00731193823924,53.19455229253075,2898200.0,ML,XLK,Technology,1.0,1062617984
2024-04-01,71.5199966430664,71.61000061035156,65.5459976196289,66.43000030517578,66.43000030517578,192700,29.980029216871603,60.421204352882306,65.17543911910421,59.827334033085926,80.81918285915006,64.6394998550415,48.459816850932945,5.015320365670583,4.397356049561591,0.617964316108992,5.648715102202302,73.81610391611245,-36.30544784749585,43.28807436377965,2651700.0,ML,XLK,Technology,1.0,1062617984
2024-04-02,65.01000213623047,67.23999786376953,63.79999923706055,67.0999984741211,67.0999984741211,151100,29.38657868397096,53.86398979064154,65.29492113682531,60.08626212218749,80.45565543585708,65.36799983978271,50.28034424370834,4.48977838733434,4.41584051711614,0.07393787021819964,5.678378522810898,2.196181549397761,-58.664838682106854,47.525828656663464,2459000.0,ML,XLK,Technology,1.0,1062617984
2024-04-03,68.44999694824219,73.44000244140625,67.20999908447266,70.5999984741211,70.5999984741211,192800,28.4506616750663,54.59113337001862,65.46683326418682,60.36131060657704,79.57914400939882,66.21999969482422,52.86085538024963,4.08031055582056,4.348734524857024,-0.2684239690364638,5.518494244517904,-28.23243285243427,-55.601290054752326,50.828367633457496,2610100.0,ML,XLK,Technology,0.0,1062617984
2024-04-04,71.98999786376953,74.94000244140625,69.41000366210938,70.08000183105469,70.08000183105469,154100,28.44757783176779,58.2894584264597,65.95570614132342,60.76282777785328,78.5212938700412,67.23599967956542,55.95070548908964,3.9922054393260566,4.277428707750831,-0.2852232684247742,5.5771735104298505,42.4336811041062,-39.597634085632706,47.06329840267028,2802900.0,ML,XLK,Technology,0.0,1062617984
2024-04-05,70.01000213623047,76.69999694824219,69.80000305175781,76.62999725341797,76.62999725341797,183100,28.630651043814957,57.53965256396146,66.3484962070121,61.12820715248863,77.21012603285872,68.11249980926513,59.01487358567153,3.836200781778615,4.189183122556388,-0.352982340777773,5.573803886777496,51.72509964978302,-41.975304765841805,54.632796369159955,2648800.0,ML,XLK,Technology,0.0,1062617984
2024-04-08,77.98999786376953,86.08000183105469,75.58999633789062,85.91999816894531,85.91999816894531,314300,29.017106916090345,63.84800835169111,67.32768678286028,61.73612048977997,78.38944837567819,68.57599964141846,58.76255090715875,4.192764279993753,4.189899354043861,0.002864925949891628,5.668531744613701,85.41072127058335,-12.02562666903886,62.3396204849207,2831900.0,ML,XLK,Technology,0.0,1062617984
2024-04-09,86.47000122070312,87.0,77.51000213623047,78.8499984741211,78.8499984741211,264400,30.3245957830129,70.5345952199342,69.09838310534457,62.68450784974724,81.31980876300392,69.14749965667724,56.97519055035056,5.1654250507172605,4.385004493378541,0.7804205573387195,6.012922726653012,184.89977988606992,-0.5576983216929011,65.47990238640853,3146200.0,ML,XLK,Technology,0.0,1062617984
2024-04-10,77.45999908447266,81.25,75.18000030517578,78.54000091552734,78.54000091552734,227500,31.61705085604353,61.249931252223035,70.02710837856138,63.31844865854622,82.54139727632499,69.86049976348878,57.179602250652565,5.304627387728701,4.568929072248573,0.7356983154801275,6.2612852364470495,142.33145485486918,-32.18164375262566,63.19526461889825,2881800.0,ML,XLK,Technology,0.0,1062617984
2024-04-11,80.12000274658203,80.93499755859375,77.0,80.54000091552734,80.54000091552734,149400,32.24740885329196,60.87157396299809,70.83786004874861,63.915372276467046,83.56959326066789,70.50349979400634,57.4374063273448,5.328508303644966,4.720844918527852,0.6076633851171147,6.24762198347399,87.55898612813807,-34.53060850805166,56.257892233071615,2654300.0,ML,XLK,Technology,0.0,1062617984
2024-04-12,79.86000061035156,79.97000122070312,76.01000213623047,78.63999938964844,78.63999938964844,130800,32.83274127930836,62.48182863504185,71.7618734646323,64.56731849760666,84.6301925868307,70.88049983978271,57.13080709273473,5.446038841144656,4.865883703051212,0.5801551380934438,6.082434524553973,92.5647350536357,-27.6422737686093,57.164639273981756,2803700.0,ML,XLK,Technology,0.0,1062617984
2024-04-15,80.94000244140625,82.47000122070312,71.8499984741211,72.44999694824219,72.44999694824219,184400,33.117437545313905,59.957452873098674,72.4169330765386,65.11918833651026,85.31595043315939,71.65799980163574,58.00004917011209,5.324490977108269,4.9576051578626235,0.36688581924564545,5.971546257035608,59.923130747076804,-36.0344842044408,50.63613668871384,2672900.0,ML,XLK,Technology,0.0,1062617984
2024-04-16,71.93000030517578,75.44000244140625,70.0,75.05999755859375,75.05999755859375,130700,32.360054578260666,52.51366252276848,72.42008201670085,65.40667102716641,85.01430286750134,72.21799964904785,59.421696430594366,4.67479384070424,4.9010428944309465,-0.22624905372670678,6.303578863431781,13.283727874219162,-62.71552833308751,44.49304138128198,2488500.0,ML,XLK,Technology,0.0,1062617984
2024-04-17,76.11000061035156,76.9000015258789,71.7699966430664,72.33999633789062,72.33999633789062,64700,31.239491118056996,55.047834301281284,72.67150254450017,65.78523285192827,84.86847566905035,72.85199947357178,60.835523278093206,4.320703040749592,4.7849749236946755,-0.46427188294508337,6.2418948332871,-19.29502445328312,-51.46552607222175,37.77431339065308,2619200.0,ML,XLK,Technology,0.0,1062617984
2024-04-18,71.83999633789062,74.3499984741211,71.0,72.37000274658203,72.37000274658203,60500,30.430784135963215,51.937131578453965,72.63993052482307,66.04228240039738,84.52799285847993,73.29349937438965,62.059005890299375,3.7770625383842997,4.5833924466326,-0.8063299082483004,6.162474122538915,-16.709971826469285,-63.18966887935543,41.482960425620945,2554500.0,ML,XLK,Technology,0.0,1062617984
2024-04-19,71.31999969482422,72.36499786376953,68.69999694824219,69.12999725341797,69.12999725341797,111700,29.49446516569831,51.96937685437292,72.61422311737154,66.2904282963262,83.98348748909547,73.75949954986572,63.535511610635986,3.3104835957614256,4.328810676458366,-1.01832708069694,5.961583004794784,-35.56709679603914,-63.06033091511131,44.56702068387043,2615000.0,ML,XLK,Technology,0.0,1062617984
2024-04-22,69.8499984741211,70.51499938964844,67.06400299072266,68.52999877929688,68.52999877929688,94600,28.0795843376314,48.20844114481607,72.2823920827093,66.40178394170235,83.39586379183874,74.03999938964844,64.68413498745815,2.6487420076904016,3.9927969427047727,-1.3440549350143711,5.797898918619431,-83.99355150941908,-77.02587137466064,45.896405541394415,2503300.0,ML,XLK,Technology,0.0,1062617984
2024-04-23,68.37999725341797,72.0,68.37999725341797,70.4800033569336,70.4800033569336,100500,26.393694457888365,47.52257798656572,71.92502129190811,66.4852433470982,83.48371335530041,73.84149932861328,64.19928530192615,2.052235278272491,3.6046846098183165,-1.5524493315458257,5.6302630243555996,-116.46814181227543,-92.64648872142182,46.82214746746919,2408700.0,ML,XLK,Technology,0.0,1062617984
2024-04-24,70.69999694824219,71.5199966430664,69.30000305175781,70.1500015258789,70.1500015258789,83200,25.13092008492062,50.01173677961579,71.78740053619624,66.64190060238587,83.40332455383071,73.65349960327148,63.90367465271226,1.7170553251978902,3.227158752894231,-1.510103427696341,5.48667300451463,-86.82791783770217,-82.86516413189027,44.73632305485064,2509200.0,ML,XLK,Technology,0.0,1062617984
2024-04-25,68.37999725341797,69.56500244140625,66.83999633789062,68.63999938964844,68.63999938964844,88300,23.95834388145057,49.58311002418164,71.63145777330888,66.7794731876209,83.18289362235515,73.37099952697754,63.55910543159993,1.4085574344120317,2.863438489197791,-1.4548810547857594,5.2533387607141995,-83.01011086978363,-84.52047051511816,42.962479227667274,2426000.0,ML,XLK,Technology,0.0,1062617984
2024-04-26,68.88999938964844,71.80000305175781,68.5999984741211,70.93000030517578,70.93000030517578,112300,22.259645431110165,47.573914849902295,71.34655697486502,66.85243499946512,83.20857368739598,73.18999938964843,63.171425091900886,1.0303488602860682,2.4968205634154463,-1.4664717031293781,5.114529219805205,-100.85074063278441,-91.07141505563857,36.20372854715753,2337700.0,ML,XLK,Technology,0.0,1062617984
2024-04-29,71.0999984741211,71.9800033569336,66.02999877929688,66.62999725341797,66.62999725341797,109100,21.19109741293655,50.828141261991675,71.30688491108509,67.01233952125769,83.20506215926369,73.17049942016601,63.13593668106833,0.9049678697133601,2.178450024675029,-1.2734821549616688,4.977777459650313,-59.97804327539242,-79.71228559361674,27.70056709607734,2450000.0,ML,XLK,Technology,0.0,1062617984
2024-04-30,65.98999786376953,68.33999633789062,65.4749984741211,66.30999755859375,66.30999755859375,184200,19.778308589448354,45.15963592047553,70.86146703892632,66.9973457068326,83.18853690898919,73.18049926757813,63.17246162616706,0.45340168927015156,1.8334403575940534,-1.3800386683239019,5.047222253792199,-92.51986526099792,-96.35037478698956,30.900241457011834,2340900.0,ML,XLK,Technology,0.0,1062617984
2024-05-01,65.95999908447266,68.81999969482422,64.36000061035156,67.30000305175781,67.30000305175781,142000,18.596940919899456,44.75958445871459,70.42799375508513,66.9703908774899,83.25044219281736,73.14099922180176,63.03155625078617,0.06891651025578938,1.4805355881264006,-1.4116190778706112,4.891349083076294,-110.22477451183758,-95.08679641348932,32.377081941622436,2156700.0,ML,XLK,Technology,0.0,1062617984
2024-05-02,68.72000122070312,69.12999725341797,65.56999969482422,68.97000122070312,68.97000122070312,73800,17.766399290250547,46.3432466350632,70.13008987857776,66.98331684510825,83.35020051766199,72.97599945068359,62.60179838370519,-0.15412889276807107,1.1536026919475062,-1.3077315847155773,4.860538368890319,-102.99628118936347,-83.76586227321404,30.9530701850327,2298700.0,ML,XLK,Technology,0.0,1062617984
2024-05-03,70.3499984741211,73.31999969482422,69.2750015258789,71.05999755859375,71.05999755859375,228000,16.90799576041486,48.999346631850536,70.01960524449447,67.06122603630804,83.36769859916566,72.92049942016601,62.47330024116636,-0.19390388288209692,0.8841013769815855,-1.0780052598636825,4.767642596726278,-73.52711320109302,-74.54444806745884,37.08134485553583,2372500.0,ML,XLK,Technology,0.0,1062617984
2024-05-06,71.23999786376953,73.83000183105469,70.45500183105469,71.4000015258789,71.4000015258789,209300,16.36555383724946,52.18912794140306,70.11869022678964,67.21804060580945,82.97514708365314,72.64199943542481,62.308851787196474,-0.05613353897579998,0.6960543937901085,-0.7521879327659085,4.73781087368305,47.685550813575944,-46.57100112372334,51.01514604138946,2600500.0,ML,XLK,Technology,0.0,1062617984
2024-05-07,81.5,84.98999786376953,68.31999969482422,71.52999877929688,71.52999877929688,359900,15.980583571930968,52.70733355457035,70.24071987432195,67.38203907326316,80.26543664914036,71.91599960327149,63.56656255740262,0.07956871120687481,0.5727572572734617,-0.4931885460665869,4.6404672398485465,80.92847528052029,-43.85964592067742,61.6072349188009,2809800.0,ML,XLK,Technology,0.0,1062617984
2024-05-08,72.16999816894531,77.83000183105469,69.2699966430664,77.63999938964844,77.63999938964844,215100,17.541194884666485,52.91745493914474,70.36350834146242,67.54470415977428,79.2695207362315,71.54999961853028,63.83047850082906,0.1953515233183083,0.49727611048243103,-0.30192458716412274,5.499719449069744,186.70598941624618,-65.2447933905692,67.78245965196061,3169700.0,ML,XLK,Technology,0.0,1062617984
2024-05-09,77.63999938964844,83.11499786376953,75.91000366210938,81.94999694824219,81.94999694824219,199500,18.990333960778035,61.561786364278824,71.05650748890871,67.94059809035758,79.06995176120043,71.50499954223633,63.940047323272246,0.7712457806607915,0.5520700445181032,0.21917573614268837,5.7183112875639255,166.1277046392346,-35.62772395863188,62.47746664037878,3384800.0,ML,XLK,Technology,0.0,1062617984
2024-05-10,82.69000244140625,83.61000061035156,80.4000015258789,81.43000030517578,81.43000030517578,127700,20.96709819252393,66.26669149490606,72.0939826755119,68.48998628086287,79.4939566043688,71.57549934387207,63.65704208337533,1.5574733284874753,0.7531507013119776,0.8043226271754977,5.824502924285085,229.92967159306076,-14.735828018705517,69.37840732636779,3584300.0,ML,XLK,Technology,0.0,1062617984
2024-05-13,82.66999816894531,84.80000305175781,79.30000305175781,80.75,80.75,124800,22.856506029005256,65.22930961995041,72.98312721167036,68.99743781122808,80.2041059383458,71.71499938964844,63.225892840951076,2.114233375018884,1.0253672360533588,1.0888661389655252,5.637752650012769,186.3179684791934,-17.256413148595698,74.13854052255819,3456600.0,ML,XLK,Technology,0.0,1062617984
2024-05-14,80.11000061035156,81.81999969482422,79.52999877929688,80.98999786376953,80.98999786376953,92100,24.743527645030053,63.822261951511564,73.72282938198747,69.45832260294463,81.48917858807813,72.12999954223633,62.770820496394535,2.47210252245803,1.314714293334293,1.1573882291237372,5.627913175011857,136.97421201224705,-20.55258569201724,68.45663736021228,3331800.0,ML,XLK,Technology,0.0,1062617984
2024-05-15,82.88999938964844,83.0,78.79000091552734,79.63999938964844,79.63999938964844,190000,26.49576200276736,64.11646300598167,74.41494066596671,69.91054516219266,82.48758894941861,72.42649955749512,62.36541016557163,2.7434573533454483,1.600462905336524,1.1429944480089242,5.389490870762963,100.8261728313853,-19.38924155376357,64.29293890956768,3423900.0,ML,XLK,Technology,1.0,1062617984
2024-05-16,79.62999725341797,79.62999725341797,73.79000091552734,73.79000091552734,73.79000091552734,118900,28.26417709437168,61.106238077973984,74.91256530631735,70.29209238679877,83.33180514735652,72.791499710083,62.251194272809485,2.8171006348419354,1.8437904512376062,0.9733101836043292,5.305241457456512,82.41330940899756,-25.9331031817501,60.91003430292593,3233900.0,ML,XLK,Technology,1.0,1062617984
2024-05-17,73.7699966430664,78.88999938964844,73.22000122070312,77.72000122070312,77.72000122070312,96700,28.273706664927232,50.124178034042025,74.8056544119564,70.42926527027832,83.40961978265194,72.86249961853028,62.315379454408614,2.376028106627615,1.950237982315608,0.425790124312007,5.3441526729325535,16.426395644682252,-54.28986155772065,56.063967519775304,3115000.0,ML,XLK,Technology,1.0,1062617984
2024-05-20,78.4800033569336,85.0,78.4800033569336,83.37000274658203,83.37000274658203,180800,28.11551215489757,55.86299812367217,75.08321125088466,70.71517648402047,83.89561295849634,73.29199981689453,62.68838667529271,2.3168855164836657,2.0235674891492197,0.293318027334446,5.367427351219179,22.00692674762468,-35.239930251866205,60.26102463557893,3211700.0,ML,XLK,Technology,1.0,1062617984
2024-05-21,83.05999755859375,86.25,81.45700073242188,84.97000122070312,84.97000122070312,158900,28.886170622668235,62.53686220964653,75.87242948857012,71.21144418059151,85.25951792371221,74.03400001525878,62.80848210680536,2.694857848019538,2.1578255609232833,0.5370322870962547,5.504039596081872,93.29514045847428,-7.897273748154567,67.67762734231438,3392500.0,ML,XLK,Technology,1.0,1062617984
2024-05-22,84.02999877929688,85.05000305175781,81.36599731445312,82.38999938964844,82.38999938964844,97300,29.762659108341406,64.18827431815684,76.7388648916304,71.75099543706648,86.81278122073229,74.75849990844726,62.704218596162235,3.0879145917678983,2.343843367092206,0.7440712246756922,5.453251001188748,107.9604246016855,-6.189549131566103,68.36374936070342,3551400.0,ML,XLK,Technology,1.0,1062617984
2024-05-23,83.69000244140625,84.18000030517578,77.83000183105469,79.80000305175781,79.80000305175781,147300,30.547483128042025,59.624138485008295,77.27706817715593,72.1682112783442,87.66715901772109,75.37049980163575,63.0738405855504,3.154863010269878,2.5060472957277407,0.6488157145421374,5.326876339482744,78.57567112737917,-21.528168124109357,64.55592732707083,3454100.0,ML,XLK,Technology,1.0,1062617984
2024-05-24,79.94000244140625,97.47000122070312,79.75,93.83999633789062,93.83999633789062,508300,30.19430587753134,55.367911123395196,77.51734768902277,72.46749723024277,87.96289002780428,75.92849998474121,63.89410994167814,2.964753225614686,2.5977884817051295,0.36696474390955647,5.399956491956912,29.18456777975354,-35.973211592083985,57.18795907724517,3306800.0,ML,XLK,Technology,1.0,1062617984
2024-05-28,96.77999877929688,99.822998046875,94.61000061035156,98.44000244140625,98.44000244140625,258100,31.478771687950463,68.49641237397253,79.07188565558161,73.30563445015054,91.17170190547535,77.07399978637696,62.97629766727857,3.9020199160109286,2.858634768566289,1.0433851474446394,6.279959686867356,225.97398487954965,-12.452846287468766,63.39395884913528,3815100.0,ML,XLK,Technology,1.0,1062617984
2024-05-29,96.58000183105469,100.8499984741211,94.94000244140625,100.13999938964844,100.13999938964844,198800,32.873932182883344,71.45864224562386,80.91646820661254,74.2912959400037,94.73037122811473,78.66450004577636,62.598628863437995,4.95883026100627,3.278673867054285,1.6801563939519846,6.258748402732857,271.2159099422867,-4.526545811948781,63.08611591389599,4073200.0,ML,XLK,Technology,1.0,1062617984
2024-05-30,102.41999816894531,106.81999969482422,96.19999694824219,99.20999908447266,99.20999908447266,308000,34.257135713618666,72.48820331807264,82.747280700235,75.30497058508782,97.91675737274369,80.3560001373291,62.79524290191453,5.865916980038946,3.7961224896512173,2.069794490387729,6.233837519160141,194.83897512020144,-2.5696675897599874,71.19110938770538,4272000.0,ML,XLK,Technology,1.0,1062617984
2024-05-31,99.0,100.7300033569336,96.0199966430664,98.5,98.5,255500,36.00419545839362,70.9797509941407,84.31515864159097,76.2424226831029,100.2599832047402,81.95149993896484,63.64301667318949,6.435561342628432,4.32401026024666,2.111551082381772,6.547135035404561,156.17376644698734,-22.648812368883966,73.07257156907554,3964000.0,ML,XLK,Technology,0.0,1062617984
2024-06-03,100.93000030517578,101.58799743652344,91.37999725341797,94.11000061035156,94.11000061035156,184100,37.576762613776744,69.78578866414179,85.6660959138204,77.11526885239299,102.07061397235566,83.4279998779297,64.78538578350373,6.751886071905815,4.8095854225784915,1.9423006493273238,6.415911583866177,104.3768558721645,-24.76190497815745,64.40473360315549,3708500.0,ML,XLK,Technology,0.0,1062617984
2024-06-04,92.87000274658203,94.33999633789062,88.73500061035156,89.79000091552734,89.79000091552734,195100,37.812328509279205,62.75657504588327,86.47027731349003,77.78172892133254,102.86879042415751,84.58050003051758,66.29220963687766,6.5725748848787475,5.1621833150385426,1.410391569840205,6.686775055240412,67.69004371160017,-37.82737994545437,62.504526223128984,3524400.0,ML,XLK,Technology,0.0,1062617984
2024-06-05,90.0,92.3499984741211,87.56999969482422,91.4800033569336,91.4800033569336,152500,37.402679638851566,56.703783363660875,86.78644146606501,78.25264154855587,102.87130727592549,85.5,68.12869272407451,6.012572413576649,5.3322611347461635,0.6803112788304855,6.6095051032617445,23.166080406147053,-50.68452247821819,60.047639897559314,3329300.0,ML,XLK,Technology,1.0,1062617984
2024-06-06,91.29000091552734,93.5739974975586,85.77999877929688,86.26000213623047,86.26000213623047,136500,36.75087785603335,58.394367992851905,87.23344736043344,78.77136161947264,102.80400785181098,86.49750022888183,70.19099260595269,5.640119704451266,5.393832848687184,0.24628685576408138,6.478826080121396,13.803223991884163,-45.65475307894902,60.39187138695172,3481800.0,ML,XLK,Technology,1.0,1062617984
2024-06-07,84.80000305175781,90.5,84.0,87.36000061035156,87.36000061035156,120500,35.7292739321905,51.681747233422534,87.14073829146173,79.0650337966004,102.72341610604727,86.92850036621094,71.13358462637461,4.867626804146511,5.28859163977905,-0.42096483563253884,6.572766982845705,-14.064270160009402,-61.19047170323289,59.68658704569479,3345300.0,ML,XLK,Technology,1.0,1062617984
